Start: 2025-12-08 08:40:57.997000
End: 2025-12-08 13:07:33.408000
Duration: 0 days 04:26:35.411000
