Start: 2025-12-03 07:46:40.103000
End: 2025-12-03 10:15:52.199000
Duration: 0 days 02:29:12.096000
