Start: 2026-01-14 11:02:12.873000
End: 2026-01-14 13:31:52.127000
Duration: 0 days 02:29:39.254000
