start=1970-01-01 00:29:16.885233208
end=1970-01-01 00:29:16.885439983
duration=0 days 00:00:00.000206775
