start=2025-09-03 07:40:33.194000
end=2025-09-03 07:43:59.983000
duration=0 days 00:03:26.789000
