Start: 2026-01-12 18:46:38.158000
End: 2026-01-12 21:16:29.413000
Duration: 0 days 02:29:51.255000
