start=2025-10-29 14:08:51.336000
end=2025-10-31 11:01:03.370000
duration=1 days 20:52:12.034000
