start=2025-09-01 07:54:53.832000
end=2025-09-01 07:57:20.689000
duration=0 days 00:02:26.857000
