Start: 2025-11-18 14:20:38.057000
End: 2025-11-18 14:28:27.646000
Duration: 0 days 00:07:49.589000
