start=2025-09-01 13:27:26.415000
end=2025-09-01 13:30:22.748000
duration=0 days 00:02:56.333000
