start=2025-09-03 08:38:18.773000
end=2025-09-03 08:41:47.856000
duration=0 days 00:03:29.083000
