Start: 2025-11-24 13:44:04.564000
End: 2025-11-24 14:24:45.313000
Duration: 0 days 00:40:40.749000
